911605287
836692632
822044182
974988577
921969023
935349761
919379146
983889433
832367052
914767806
929371895
934967895
998382246
923031251
921751540
915657990
989924826
996593851
931081586
991205926
879207142
992849584
926568949
992415010
938456801
980866300
920352928
971074477
979474059
998183200
933103668
990631352
918054979
919902469
915436226
936064779
927171309
928149315
923264973
922575576
927733501
820741412
931825011
928749754
948128780
923245766
995123126
826861282
912818063
918994181
950867272
929576853
989240757
934443772
995721465
998543231
918762205
931308076
989389114
914152763
946505587
917151482
930736783
917510199
917623910
918783458
993349461
919743751
912197093
929182472
996910849
834260182
953963639
889261862
933569446
922130787
924688300
926078887
932104164
988551899
833638912
989760939
914278929
915580378
928429008
996742938
913817591
914916062
943825904
970938664
889114762
976533038
921552394
921355211
987065494
935849918
933251551
930579661
911718693
997285867
916510241
830564012
928519201
917082669
932121190
986306587
934621697
931162012
933745767
929543599
998610699
923594760
926673572
958699999
936474845
935713536
952108751
982730740
830819762
931901877
926419919
945748575
918434909
915513026
930648647
820577892
966529830
817460062
955225198
876740192
926088041
922824592
934863194
918535217
919353058
922972575
934381777
989052292
979958463
993429228
825696792
912735753
933628493
927865319
924037059
936753043
926311492
935243270
975819701
935025524
937213794
919075015
930182966
829893282
926662449
823946732
974271311
994283502
913769031
934987411
998703727
925333964
958104685
988299847
919098104
927632802
826177772
989048465
923175784
824832722
928562352
980593584
998551641
980501515
935460794
948206110
871233772
934605837
887102562
983458335
931719114
929255127
928309029
928863417
993095249
935765498
927035383
924023775
930116769
929064631
822997902
965634576
932581221
994867970
964398658
926691090
932951185
915024815
931614878
817763812
950383585
933747352
933593835
980938360
899615492
917228329
932750473
950739592
931033689
979404859
998071267
930746029
999001939
997711548
812024922
915481248
876195682
919871202
916760841
912484831
899511212
923749233
929533186
924342749
925329592
927443767
916769563
931742574
918913149
868486392
992841044
920053106
980353125
933673936
914379741
812359312
897365812
948333562
813521792
998799228
994326848
929290941
930953571
960419294
936293859
819278792
914820820
994486748
930298913
979606958
999025021
963500548
835290662
861791092
985865558
930299472
931981811
990915083
987991054
935866014
989191527
966937157
917947597
914242789
977286379
997856759
826329572
934753453
979306369
827877042
923819754
992108517
929376390
936197469
918632611
999518397
996405524
912589382
935197732
982928117
827633232
933625966
814156192
983178820
919503114
822225152
926776061
829083272
922704899
925878367
989037730
997703111
986297294
920047483
913375386
931200453
927164590
916860897
931406671
961750911
879825512
932471981
926015583
983029787
983779956
921038550
985845905
983339824
990797285
914766540
921190719
918600647
999034209
928603040
825262482
835888452
980059081
912557421
934924592
930776203
934281136
993189596
913200764
925095583
931752456
996815323
993104051
914277566
917554870
892014922
935727278
999202802
981556984
977028140
976761561
829919702
936297692
936361420
933225372
933590089
890163602
928628264
971130989
930376515
930171212
989137484
989218174
991474447
820133242
998626617
919308370
933898210
932490617
926376942
933457656
927733730
953351528
920412610
913129733
992443863
924350598
921157002
992112646
925394106
933884635
920567517
916959907
999270816
935805279
923351027
925274232
928786005
999326803
897392232
812124412
920511155
896270362
999169317
836064062
996335267
933241807
914163471
922216525
986038183
919994355
985370737
926555545
989910353
853858242
914276020
994725416
920452558
833849832
876196212
993463086
934503031
960672739
932797321
916145810
958315597
976560043
922212929
992534176
989874365
922157634
920454135
986514988
989080407
989519506
914340063
995447800
930781274
824781532
930250996
931527606
936578829
917117004
920669786
930997587
932543451
981345444
913287320
935266149
925181293
967475432
933122867
962129544
927622823
920640915
925004928
914736676
996106519
935819970
980066266
994522779
936487475
933244717
971056770
982236649
917347786
927723182
982672759
917144702
935677254
930219762
926187082
980921905
930125636
927711788
997794362
984005288
930970409
930218006
987332751
930573531
923259481
928924300
964237999
916151748
918144102
992869895
926868993
975678938
925083380
990507244
923822267
990650543
819074992
925741000
916708971
927263017
935726689
920652530
989301977
916479808
926592467
919827572
920381073
993214191
819328692
926459473
996933288
988189456
932570750
988641766
819436592
995277999
918572805
943610916
898049132
989192744
990964319
912624218
998243432
980605191
915022650
929304918
912667111
888668632
919072571
921885652
989149466
986611495
979212445
981709063
993864382
921201729
923082360
914585155
934631625
929997603
926393529
984027990
918338454
993278904
930372250
915783236
999543464
821881862
988763152
998063671
913507142
917418519
917733023
927862395
920941087
913301439
920345999
929432185
923641270
998560837
987495626
932310449
930891622
998263107
989276816
927774070
914106389
934673301
989095773
930762857
935822653
913073037
935995299
990554269
979431074
982770734
926821423
931622935
989086391
927363488
992925922
929393929
935943566
935293669
931237071
929215974
931550950
833363492
828269402
985811938
920739504
925345946
921044828
913094905
935922496
922481539
934343425
936629180
934792017
990033897
929071433
934809513
918899499
922053332
918481443
984897332
921373155
999248322
933743608
997738268
983602843
936672221
933699838
933029654
991168176
922149259
936435866
991477772
930905135
977184975
932120178
991531300
919430230
933115909
989186116
933925935
991857508
916657110
989131885
826535512
918222251
993749648
936015204
925009377
932826623
991593462
829128292
991223355
925330922
922090327
823993862
934948947
913019164
925794244
982745071
813497182
918712275
912738655
918594396
912882500
918473971
922308888
921251238
931100734
930578185
970995552
992035242
955937503
929759923
913319796
879317312
930594261
928241904
936628133
927020394
918843000
919720379
985721548
921179022
989652737
919765623
914963842
915388620
914278473
932783061
927075792
812055372
931592785
980908976
926549170
917513341
914139678
919138459
913063228
987897007
981248627
921108281
988477923
995519739
912326497
927342707
926841092
922376263
833431862
980915395
845683212
935416302
928653277
990375054
927948672
924682817
998923700
832803952
915929052
919066148
925382663
927660407
930888206
913929160
928558177
933584615
926160281
914578612
980156621
933334201
996294862
933782638
934515994
999230636
984751168
924790652
918181237
925402451
888958622
922820147
996883442
997230078
994786008
895452432
914246954
990208573
886592442
927860031
911990385
919870281
933336611
916684126
998165814
920890660
929927818
989009656
920047068
988224707
930991163
980252213
950239883
936758703
985148708
987906251
989685295
925903760
917710813
985841608
920693938
960695119
928491587
990998965
933613089
992156945
925371815
918055967
931796003
830497722
989289810
926544055
924303727
921527837
937768990
927879093
920761550
989341219
934864840
913749340
992105151
930126691
923717153
919207701
913282442
987604840
935198321
829538512
931416316
927415143
994885596
928144437
935258197
925217816
929937090
980028305
936527574
916764995
984058837
931437925
921854846
989923366
931630849
926187554
928461807
998390400
922699283
927290413
933849600
913292952
982555884
936562388
995537796
821845432
927992523
966357797
935761425
999273513
927621673
914853230
998839394
998469953
914844703
995889773
979398638
990009333
930364975
924823704
933022951
925329843
922949875
928697347
964524297
920846688
931656805
925701750
933624846
918946241
932712172
994014951
930521574
928330427
913407059
996300765
999569269
998821053
914877504
922014973
940777011
934388178
950024151
916815441
989147161
992592508
935763967
997357124
998483433
935361478
914855640
989639129
912846466
996884120
915557260
896947532
936872700
963768990
992437367
981350014
923144684
812061542
921766823
932292793
916175620
818011342
914802393
916582935
925089168
824944482
925496065
991955747
926460358
812122932
992303336
820585402
914043026
993571571
988914312
988952931
950024240
993253790
927615053
914217091
996964477
813456532
935993091
976527917
997712196
923005757
894593202
988343986
981893557
999135153
998366720
936194133
987423188
934399048
876014882
990759243
928406911
991470557
930869279
914763967
925298662
931434802
989213784
929616359
917035350
932262819
917131791
935826888
993482978
917799180
957933289
921975473
926418432
921027931
936205135
976545257
951917435
921270860
828323202
930241008
920781926
974474808
996436713
898538702
926335022
990540209
932070960
922981116
933853918
929640896
912177793
914311748
811729582
911977958
827535532
934266080
995101793
934413083
913403134
912122204
981120361
983616097
931851381
936717446
931317385
911782189
988239461
998087996
912440591
936239145
984070144
924131039
999178294
984127596
930165557
912850552
995716283
927480581
933414809
925740624
933117111
918984526
929046315
832976652
985387575
980304388
936040225
988173533
823108362
939589392
913018346
975934616
981391152
918851992
988695238
930933058
924585137
926089013
913705521
922221499
931867091
895617032
912017966
913579712
913106652
912079511
987536101
929912217
997485904
934805135
934981162
961979862
889657022
930348279
916695209
989089358
939711945
913697383
924471182
986319697
930342505
911813394
936311873
929479408
935067871
892669392
991346473
912855929
928644618
934283015
918429867
933306712
867630422
926564129
930821802
933479609
916284055
988005517
934926277
929768973
935928702
814968502
888640282
913817567
